Vi ender med vectorer på 192 forskellige værdier som hver repræsenterer en pixel. 


8x24=192

FØR RESHAPE:

8x3x8=192

Patches for image A: 
[[[27 38 52]
  [27 38 52]
  [27 38 52]
  [27 38 52]
  [27 38 52]
  [27 38 52]
  [27 38 52]
  [24 35 49]]

 [[27 38 52]
  [27 38 52]
  [27 38 52]
  [27 38 52]
  [27 38 52]
  [27 38 52]
  [27 38 52]
  [24 35 49]]

 [[26 37 51]
  [26 37 51]
  [26 37 51]
  [26 37 51]
  [26 37 51]
  [26 37 51]
  [26 37 51]
  [24 35 49]]

 [[26 37 51]
  [26 37 51]
  [26 37 51]
  [26 37 51]
  [26 37 51]
  [26 37 51]
  [26 37 51]
  [24 35 49]]

 [[26 37 51]
  [26 37 51]
  [26 37 51]
  [26 37 51]
  [26 37 51]
  [26 37 51]
  [26 37 51]
  [24 35 49]]

 [[26 37 51]
  [26 37 51]
  [26 37 51]
  [26 37 51]
  [26 37 51]
  [26 37 51]
  [26 37 51]
  [24 35 49]]

 [[25 36 50]
  [25 36 50]
  [25 36 50]
  [25 36 50]
  [25 36 50]
  [25 36 50]
  [25 36 50]
  [24 35 49]]

 [[25 36 50]
  [25 36 50]
  [25 36 50]
  [25 36 50]
  [25 36 50]
  [25 36 50]
  [25 36 50]
  [24 35 49]]]


EFTER RESHAPE:


Patches for image A: 
[33 50 59 34 51 60 37 55 62 36 54 61 32 50 57 30 48 55 22 41 48 25 44 51
 33 50 59 33 50 59 36 54 61 36 54 61 33 51 58 31 49 56 23 42 49 25 44 51
 33 50 59 33 50 59 36 54 61 36 54 61 34 52 59 33 51 58 24 43 50 27 46 53
 34 51 60 34 51 60 36 54 61 36 54 61 35 53 60 35 53 60 27 46 53 29 48 55
 35 52 61 34 51 60 35 53 60 37 55 62 36 54 61 37 55 62 29 48 55 30 49 56
 35 52 61 35 52 61 36 54 61 37 55 62 37 55 62 38 56 63 30 49 56 31 50 57
 35 52 61 38 55 64 44 62 69 42 60 67 42 60 67 42 60 67 41 60 67 39 58 65
 39 56 65 42 59 68 46 64 71 46 64 71 47 65 72 48 66 73 46 65 72 43 62 69]
Patches for image A: [34 51 60 37 55 62 36 54 61 32 50 57 30 48 55 22 41 48 25 44 51 24 42 49
 33 50 59 36 54 61 36 54 61 33 51 58 31 49 56 23 42 49 25 44 51 24 42 49
 33 50 59 36 54 61 36 54 61 34 52 59 33 51 58 24 43 50 27 46 53 25 43 50
 34 51 60 36 54 61 36 54 61 35 53 60 35 53 60 27 46 53 29 48 55 26 44 51
 34 51 60 35 53 60 37 55 62 36 54 61 37 55 62 29 48 55 30 49 56 27 45 52
 35 52 61 36 54 61 37 55 62 37 55 62 38 56 63 30 49 56 31 50 57 28 46 53
 38 55 64 44 62 69 42 60 67 42 60 67 42 60 67 41 60 67 39 58 65 34 52 59
 42 59 68 46 64 71 46 64 71 47 65 72 48 66 73 46 65 72 43 62 69 39 57 64]
Patches for image A: [37 55 62 36 54 61 32 50 57 30 48 55 22 41 48 25 44 51 24 42 49 21 39 46
 36 54 61 36 54 61 33 51 58 31 49 56 23 42 49 25 44 51 24 42 49 21 39 46
 36 54 61 36 54 61 34 52 59 33 51 58 24 43 50 27 46 53 25 43 50 21 39 46
 36 54 61 36 54 61 35 53 60 35 53 60 27 46 53 29 48 55 26 44 51 22 40 47
 35 53 60 37 55 62 36 54 61 37 55 62 29 48 55 30 49 56 27 45 52 23 41 48
 36 54 61 37 55 62 37 55 62 38 56 63 30 49 56 31 50 57 28 46 53 23 41 48
 44 62 69 42 60 67 42 60 67 42 60 67 41 60 67 39 58 65 34 52 59 30 48 55
 46 64 71 46 64 71 47 65 72 48 66 73 46 65 72 43 62 69 39 57 64 37 55 62]
Patches for image A: [36 54 61 32 50 57 30 48 55 22 41 48 25 44 51 24 42 49 21 39 46 22 36 42
 36 54 61 33 51 58 31 49 56 23 42 49 25 44 51 24 42 49 21 39 46 22 36 42
 36 54 61 34 52 59 33 51 58 24 43 50 27 46 53 25 43 50 21 39 46 23 37 43
 36 54 61 35 53 60 35 53 60 27 46 53 29 48 55 26 44 51 22 40 47 24 38 44
 37 55 62 36 54 61 37 55 62 29 48 55 30 49 56 27 45 52 23 41 48 25 39 45
 37 55 62 37 55 62 38 56 63 30 49 56 31 50 57 28 46 53 23 41 48 25 39 45
 42 60 67 42 60 67 42 60 67 41 60 67 39 58 65 34 52 59 30 48 55 25 39 45
 46 64 71 47 65 72 48 66 73 46 65 72 43 62 69 39 57 64 37 55 62 32 46 52]
Patches for image A: [32 50 57 30 48 55 22 41 48 25 44 51 24 42 49 21 39 46 22 36 42 16 30 36
 33 51 58 31 49 56 23 42 49 25 44 51 24 42 49 21 39 46 22 36 42 16 30 36
 34 52 59 33 51 58 24 43 50 27 46 53 25 43 50 21 39 46 23 37 43 16 30 36
 35 53 60 35 53 60 27 46 53 29 48 55 26 44 51 22 40 47 24 38 44 16 30 36
 36 54 61 37 55 62 29 48 55 30 49 56 27 45 52 23 41 48 25 39 45 17 31 37
 37 55 62 38 56 63 30 49 56 31 50 57 28 46 53 23 41 48 25 39 45 17 31 37
 42 60 67 42 60 67 41 60 67 39 58 65 34 52 59 30 48 55 25 39 45 18 32 38
 47 65 72 48 66 73 46 65 72 43 62 69 39 57 64 37 55 62 32 46 52 26 40 46]
Patches for image A: [30 48 55 22 41 48 25 44 51 24 42 49 21 39 46 22 36 42 16 30 36 16 28 32
 31 49 56 23 42 49 25 44 51 24 42 49 21 39 46 22 36 42 16 30 36 16 28 32
 33 51 58 24 43 50 27 46 53 25 43 50 21 39 46 23 37 43 16 30 36 16 28 32
 35 53 60 27 46 53 29 48 55 26 44 51 22 40 47 24 38 44 16 30 36 16 28 32
 37 55 62 29 48 55 30 49 56 27 45 52 23 41 48 25 39 45 17 31 37 15 27 31
 38 56 63 30 49 56 31 50 57 28 46 53 23 41 48 25 39 45 17 31 37 14 26 30
 42 60 67 41 60 67 39 58 65 34 52 59 30 48 55 25 39 45 18 32 38 16 28 32
 48 66 73 46 65 72 43 62 69 39 57 64 37 55 62 32 46 52 26 40 46 23 35 39]
Patches for image A: [22 41 48 25 44 51 24 42 49 21 39 46 22 36 42 16 30 36 16 28 32 18 30 34
 23 42 49 25 44 51 24 42 49 21 39 46 22 36 42 16 30 36 16 28 32 17 29 33
 24 43 50 27 46 53 25 43 50 21 39 46 23 37 43 16 30 36 16 28 32 17 29 33
 27 46 53 29 48 55 26 44 51 22 40 47 24 38 44 16 30 36 16 28 32 16 28 32
 29 48 55 30 49 56 27 45 52 23 41 48 25 39 45 17 31 37 15 27 31 15 27 31
 30 49 56 31 50 57 28 46 53 23 41 48 25 39 45 17 31 37 14 26 30 15 27 31
 41 60 67 39 58 65 34 52 59 30 48 55 25 39 45 18 32 38 16 28 32 16 28 32
 46 65 72 43 62 69 39 57 64 37 55 62 32 46 52 26 40 46 23 35 39 21 33 37]
Patches for image A: [25 44 51 24 42 49 21 39 46 22 36 42 16 30 36 16 28 32 18 30 34 13 28 30
 25 44 51 24 42 49 21 39 46 22 36 42 16 30 36 16 28 32 17 29 33 13 28 30
 27 46 53 25 43 50 21 39 46 23 37 43 16 30 36 16 28 32 17 29 33 12 27 29
 29 48 55 26 44 51 22 40 47 24 38 44 16 30 36 16 28 32 16 28 32 11 26 28
 30 49 56 27 45 52 23 41 48 25 39 45 17 31 37 15 27 31 15 27 31 10 25 27
 31 50 57 28 46 53 23 41 48 25 39 45 17 31 37 14 26 30 15 27 31  9 24 26
 39 58 65 34 52 59 30 48 55 25 39 45 18 32 38 16 28 32 16 28 32 12 27 29
 43 62 69 39 57 64 37 55 62 32 46 52 26 40 46 23 35 39 21 33 37 15 30 32]
Patches for image A: [24 42 49 21 39 46 22 36 42 16 30 36 16 28 32 18 30 34 13 28 30 12 27 29
 24 42 49 21 39 46 22 36 42 16 30 36 16 28 32 17 29 33 13 28 30 12 27 29
 25 43 50 21 39 46 23 37 43 16 30 36 16 28 32 17 29 33 12 27 29 11 26 28
 26 44 51 22 40 47 24 38 44 16 30 36 16 28 32 16 28 32 11 26 28 10 25 27
 27 45 52 23 41 48 25 39 45 17 31 37 15 27 31 15 27 31 10 25 27  8 23 25
 28 46 53 23 41 48 25 39 45 17 31 37 14 26 30 15 27 31  9 24 26  7 22 24
 34 52 59 30 48 55 25 39 45 18 32 38 16 28 32 16 28 32 12 27 29  7 22 24
 39 57 64 37 55 62 32 46 52 26 40 46 23 35 39 21 33 37 15 30 32 10 25 27]
Patches for image A: [21 39 46 22 36 42 16 30 36 16 28 32 18 30 34 13 28 30 12 27 29 15 30 32
 21 39 46 22 36 42 16 30 36 16 28 32 17 29 33 13 28 30 12 27 29 15 30 32
 21 39 46 23 37 43 16 30 36 16 28 32 17 29 33 12 27 29 11 26 28 15 30 32
 22 40 47 24 38 44 16 30 36 16 28 32 16 28 32 11 26 28 10 25 27 14 29 31
 23 41 48 25 39 45 17 31 37 15 27 31 15 27 31 10 25 27  8 23 25 12 27 29
 23 41 48 25 39 45 17 31 37 14 26 30 15 27 31  9 24 26  7 22 24 11 26 28
 30 48 55 25 39 45 18 32 38 16 28 32 16 28 32 12 27 29  7 22 24  5 20 22
 37 55 62 32 46 52 26 40 46 23 35 39 21 33 37 15 30 32 10 25 27  8 23 25]
Patches for image A: [22 36 42 16 30 36 16 28 32 18 30 34 13 28 30 12 27 29 15 30 32 17 32 34
 22 36 42 16 30 36 16 28 32 17 29 33 13 28 30 12 27 29 15 30 32 18 33 35
 23 37 43 16 30 36 16 28 32 17 29 33 12 27 29 11 26 28 15 30 32 18 33 35
 24 38 44 16 30 36 16 28 32 16 28 32 11 26 28 10 25 27 14 29 31 17 32 34
 25 39 45 17 31 37 15 27 31 15 27 31 10 25 27  8 23 25 12 27 29 16 31 33
 25 39 45 17 31 37 14 26 30 15 27 31  9 24 26  7 22 24 11 26 28 14 29 31
 25 39 45 18 32 38 16 28 32 16 28 32 12 27 29  7 22 24  5 20 22  8 23 25
 32 46 52 26 40 46 23 35 39 21 33 37 15 30 32 10 25 27  8 23 25 11 26 28]
Patches for image A: [16 30 36 16 28 32 18 30 34 13 28 30 12 27 29 15 30 32 17 32 34 18 34 40
 16 30 36 16 28 32 17 29 33 13 28 30 12 27 29 15 30 32 18 33 35 20 36 42
 16 30 36 16 28 32 17 29 33 12 27 29 11 26 28 15 30 32 18 33 35 22 38 44
 16 30 36 16 28 32 16 28 32 11 26 28 10 25 27 14 29 31 17 32 34 22 38 44
 17 31 37 15 27 31 15 27 31 10 25 27  8 23 25 12 27 29 16 31 33 22 38 44
 17 31 37 14 26 30 15 27 31  9 24 26  7 22 24 11 26 28 14 29 31 22 38 44
 18 32 38 16 28 32 16 28 32 12 27 29  7 22 24  5 20 22  8 23 25 14 30 36
 26 40 46 23 35 39 21 33 37 15 30 32 10 25 27  8 23 25 11 26 28  6 22 28]
Patches for image A: [16 28 32 18 30 34 13 28 30 12 27 29 15 30 32 17 32 34 18 34 40 21 37 43
 16 28 32 17 29 33 13 28 30 12 27 29 15 30 32 18 33 35 20 36 42 23 39 45
 16 28 32 17 29 33 12 27 29 11 26 28 15 30 32 18 33 35 22 38 44 26 42 48
 16 28 32 16 28 32 11 26 28 10 25 27 14 29 31 17 32 34 22 38 44 27 43 49
 15 27 31 15 27 31 10 25 27  8 23 25 12 27 29 16 31 33 22 38 44 28 44 50
 14 26 30 15 27 31  9 24 26  7 22 24 11 26 28 14 29 31 22 38 44 28 44 50
 16 28 32 16 28 32 12 27 29  7 22 24  5 20 22  8 23 25 14 30 36 22 38 44
 23 35 39 21 33 37 15 30 32 10 25 27  8 23 25 11 26 28  6 22 28 12 28 34]
Patches for image A: [18 30 34 13 28 30 12 27 29 15 30 32 17 32 34 18 34 40 21 37 43 24 40 47
 17 29 33 13 28 30 12 27 29 15 30 32 18 33 35 20 36 42 23 39 45 26 42 49
 17 29 33 12 27 29 11 26 28 15 30 32 18 33 35 22 38 44 26 42 48 30 46 53
 16 28 32 11 26 28 10 25 27 14 29 31 17 32 34 22 38 44 27 43 49 33 49 56
 15 27 31 10 25 27  8 23 25 12 27 29 16 31 33 22 38 44 28 44 50 35 51 58
 15 27 31  9 24 26  7 22 24 11 26 28 14 29 31 22 38 44 28 44 50 36 52 59
 16 28 32 12 27 29  7 22 24  5 20 22  8 23 25 14 30 36 22 38 44 31 44 52
 21 33 37 15 30 32 10 25 27  8 23 25 11 26 28  6 22 28 12 28 34 21 34 42]
Patches for image A: [13 28 30 12 27 29 15 30 32 17 32 34 18 34 40 21 37 43 24 40 47 26 42 49
 13 28 30 12 27 29 15 30 32 18 33 35 20 36 42 23 39 45 26 42 49 27 43 50
 12 27 29 11 26 28 15 30 32 18 33 35 22 38 44 26 42 48 30 46 53 31 47 54
 11 26 28 10 25 27 14 29 31 17 32 34 22 38 44 27 43 49 33 49 56 36 52 59
 10 25 27  8 23 25 12 27 29 16 31 33 22 38 44 28 44 50 35 51 58 38 54 61
  9 24 26  7 22 24 11 26 28 14 29 31 22 38 44 28 44 50 36 52 59 39 55 62
 12 27 29  7 22 24  5 20 22  8 23 25 14 30 36 22 38 44 31 44 52 33 46 54
 15 30 32 10 25 27  8 23 25 11 26 28  6 22 28 12 28 34 21 34 42 27 40 48]
Patches for image A: [12 27 29 15 30 32 17 32 34 18 34 40 21 37 43 24 40 47 26 42 49 26 42 49
 12 27 29 15 30 32 18 33 35 20 36 42 23 39 45 26 42 49 27 43 50 25 41 48
 11 26 28 15 30 32 18 33 35 22 38 44 26 42 48 30 46 53 31 47 54 29 45 52
 10 25 27 14 29 31 17 32 34 22 38 44 27 43 49 33 49 56 36 52 59 35 51 58
  8 23 25 12 27 29 16 31 33 22 38 44 28 44 50 35 51 58 38 54 61 37 53 60
  7 22 24 11 26 28 14 29 31 22 38 44 28 44 50 36 52 59 39 55 62 37 53 60
  7 22 24  5 20 22  8 23 25 14 30 36 22 38 44 31 44 52 33 46 54 35 48 56
 10 25 27  8 23 25 11 26 28  6 22 28 12 28 34 21 34 42 27 40 48 32 45 53]
Patches for image A: [15 30 32 17 32 34 18 34 40 21 37 43 24 40 47 26 42 49 26 42 49 25 41 48
 15 30 32 18 33 35 20 36 42 23 39 45 26 42 49 27 43 50 25 41 48 23 39 46
 15 30 32 18 33 35 22 38 44 26 42 48 30 46 53 31 47 54 29 45 52 26 42 49
 14 29 31 17 32 34 22 38 44 27 43 49 33 49 56 36 52 59 35 51 58 34 50 57
 12 27 29 16 31 33 22 38 44 28 44 50 35 51 58 38 54 61 37 53 60 36 52 59
 11 26 28 14 29 31 22 38 44 28 44 50 36 52 59 39 55 62 37 53 60 36 52 59
  5 20 22  8 23 25 14 30 36 22 38 44 31 44 52 33 46 54 35 48 56 38 51 59
  8 23 25 11 26 28  6 22 28 12 28 34 21 34 42 27 40 48 32 45 53 35 48 56]
Patches for image A: [17 32 34 18 34 40 21 37 43 24 40 47 26 42 49 26 42 49 25 41 48 25 41 47
 18 33 35 20 36 42 23 39 45 26 42 49 27 43 50 25 41 48 23 39 46 23 39 45
 18 33 35 22 38 44 26 42 48 30 46 53 31 47 54 29 45 52 26 42 49 26 42 48
 17 32 34 22 38 44 27 43 49 33 49 56 36 52 59 35 51 58 34 50 57 33 49 55
 16 31 33 22 38 44 28 44 50 35 51 58 38 54 61 37 53 60 36 52 59 40 54 60
 14 29 31 22 38 44 28 44 50 36 52 59 39 55 62 37 53 60 36 52 59 39 53 59
  8 23 25 14 30 36 22 38 44 31 44 52 33 46 54 35 48 56 38 51 59 38 52 58
 11 26 28  6 22 28 12 28 34 21 34 42 27 40 48 32 45 53 35 48 56 36 50 56]
Patches for image A: [18 34 40 21 37 43 24 40 47 26 42 49 26 42 49 25 41 48 25 41 47 26 42 48
 20 36 42 23 39 45 26 42 49 27 43 50 25 41 48 23 39 46 23 39 45 23 39 45
 22 38 44 26 42 48 30 46 53 31 47 54 29 45 52 26 42 49 26 42 48 26 42 48
 22 38 44 27 43 49 33 49 56 36 52 59 35 51 58 34 50 57 33 49 55 35 51 57
 22 38 44 28 44 50 35 51 58 38 54 61 37 53 60 36 52 59 40 54 60 41 55 61
 22 38 44 28 44 50 36 52 59 39 55 62 37 53 60 36 52 59 39 53 59 41 55 61
 14 30 36 22 38 44 31 44 52 33 46 54 35 48 56 38 51 59 38 52 58 36 50 56
  6 22 28 12 28 34 21 34 42 27 40 48 32 45 53 35 48 56 36 50 56 36 50 56]
Patches for image A: [21 37 43 24 40 47 26 42 49 26 42 49 25 41 48 25 41 47 26 42 48 28 42 48
 23 39 45 26 42 49 27 43 50 25 41 48 23 39 46 23 39 45 23 39 45 26 40 46
 26 42 48 30 46 53 31 47 54 29 45 52 26 42 49 26 42 48 26 42 48 30 44 50
 27 43 49 33 49 56 36 52 59 35 51 58 34 50 57 33 49 55 35 51 57 36 50 56
 28 44 50 35 51 58 38 54 61 37 53 60 36 52 59 40 54 60 41 55 61 39 53 59
 28 44 50 36 52 59 39 55 62 37 53 60 36 52 59 39 53 59 41 55 61 38 52 58
 22 38 44 31 44 52 33 46 54 35 48 56 38 51 59 38 52 58 36 50 56 37 51 57
 12 28 34 21 34 42 27 40 48 32 45 53 35 48 56 36 50 56 36 50 56 32 46 52]
Patches for image A: [24 40 47 26 42 49 26 42 49 25 41 48 25 41 47 26 42 48 28 42 48 28 42 48
 26 42 49 27 43 50 25 41 48 23 39 46 23 39 45 23 39 45 26 40 46 26 40 46
 30 46 53 31 47 54 29 45 52 26 42 49 26 42 48 26 42 48 30 44 50 29 43 49
 33 49 56 36 52 59 35 51 58 34 50 57 33 49 55 35 51 57 36 50 56 35 49 55
 35 51 58 38 54 61 37 53 60 36 52 59 40 54 60 41 55 61 39 53 59 38 52 58
 36 52 59 39 55 62 37 53 60 36 52 59 39 53 59 41 55 61 38 52 58 37 51 57
 31 44 52 33 46 54 35 48 56 38 51 59 38 52 58 36 50 56 37 51 57 36 50 56
 21 34 42 27 40 48 32 45 53 35 48 56 36 50 56 36 50 56 32 46 52 31 45 51]
Patches for image A: [26 42 49 26 42 49 25 41 48 25 41 47 26 42 48 28 42 48 28 42 48 26 41 44
 27 43 50 25 41 48 23 39 46 23 39 45 23 39 45 26 40 46 26 40 46 25 40 43
 31 47 54 29 45 52 26 42 49 26 42 48 26 42 48 30 44 50 29 43 49 28 43 46
 36 52 59 35 51 58 34 50 57 33 49 55 35 51 57 36 50 56 35 49 55 34 49 52
 38 54 61 37 53 60 36 52 59 40 54 60 41 55 61 39 53 59 38 52 58 36 51 54
 39 55 62 37 53 60 36 52 59 39 53 59 41 55 61 38 52 58 37 51 57 34 49 52
 33 46 54 35 48 56 38 51 59 38 52 58 36 50 56 37 51 57 36 50 56 36 48 52
 27 40 48 32 45 53 35 48 56 36 50 56 36 50 56 32 46 52 31 45 51 32 44 48]
Patches for image A: [26 42 49 25 41 48 25 41 47 26 42 48 28 42 48 28 42 48 26 41 44 28 43 46
 25 41 48 23 39 46 23 39 45 23 39 45 26 40 46 26 40 46 25 40 43 26 41 44
 29 45 52 26 42 49 26 42 48 26 42 48 30 44 50 29 43 49 28 43 46 29 44 47
 35 51 58 34 50 57 33 49 55 35 51 57 36 50 56 35 49 55 34 49 52 34 49 52
 37 53 60 36 52 59 40 54 60 41 55 61 39 53 59 38 52 58 36 51 54 35 50 53
 37 53 60 36 52 59 39 53 59 41 55 61 38 52 58 37 51 57 34 49 52 33 48 51
 35 48 56 38 51 59 38 52 58 36 50 56 37 51 57 36 50 56 36 48 52 33 45 49
 32 45 53 35 48 56 36 50 56 36 50 56 32 46 52 31 45 51 32 44 48 29 41 45]
Patches for image A: [25 41 48 25 41 47 26 42 48 28 42 48 28 42 48 26 41 44 28 43 46 29 44 47
 23 39 46 23 39 45 23 39 45 26 40 46 26 40 46 25 40 43 26 41 44 28 43 46
 26 42 49 26 42 48 26 42 48 30 44 50 29 43 49 28 43 46 29 44 47 30 45 48
 34 50 57 33 49 55 35 51 57 36 50 56 35 49 55 34 49 52 34 49 52 34 49 52
 36 52 59 40 54 60 41 55 61 39 53 59 38 52 58 36 51 54 35 50 53 34 49 52
 36 52 59 39 53 59 41 55 61 38 52 58 37 51 57 34 49 52 33 48 51 32 47 50
 38 51 59 38 52 58 36 50 56 37 51 57 36 50 56 36 48 52 33 45 49 30 42 46
 35 48 56 36 50 56 36 50 56 32 46 52 31 45 51 32 44 48 29 41 45 27 39 43]
Patches for image A: [25 41 47 26 42 48 28 42 48 28 42 48 26 41 44 28 43 46 29 44 47 29 44 47
 23 39 45 23 39 45 26 40 46 26 40 46 25 40 43 26 41 44 28 43 46 28 43 46
 26 42 48 26 42 48 30 44 50 29 43 49 28 43 46 29 44 47 30 45 48 31 46 49
 33 49 55 35 51 57 36 50 56 35 49 55 34 49 52 34 49 52 34 49 52 34 49 52
 40 54 60 41 55 61 39 53 59 38 52 58 36 51 54 35 50 53 34 49 52 33 48 51
 39 53 59 41 55 61 38 52 58 37 51 57 34 49 52 33 48 51 32 47 50 30 45 48
 38 52 58 36 50 56 37 51 57 36 50 56 36 48 52 33 45 49 30 42 46 27 39 43
 36 50 56 36 50 56 32 46 52 31 45 51 32 44 48 29 41 45 27 39 43 24 36 40]
Patches for image A: [26 42 48 28 42 48 28 42 48 26 41 44 28 43 46 29 44 47 29 44 47 29 44 47
 23 39 45 26 40 46 26 40 46 25 40 43 26 41 44 28 43 46 28 43 46 28 43 46
 26 42 48 30 44 50 29 43 49 28 43 46 29 44 47 30 45 48 31 46 49 30 45 48
 35 51 57 36 50 56 35 49 55 34 49 52 34 49 52 34 49 52 34 49 52 33 48 51
 41 55 61 39 53 59 38 52 58 36 51 54 35 50 53 34 49 52 33 48 51 33 45 49
 41 55 61 38 52 58 37 51 57 34 49 52 33 48 51 32 47 50 30 45 48 30 42 46
 36 50 56 37 51 57 36 50 56 36 48 52 33 45 49 30 42 46 27 39 43 25 37 41
 36 50 56 32 46 52 31 45 51 32 44 48 29 41 45 27 39 43 24 36 40 23 35 39]


AFTER REDUCED:

Patches reduced for image A data: 
[ 40.24679201 -79.2333038    2.60023049  14.14519061  -1.41773288
   0.2697519   -1.42029241  -0.29129826]

Patches reduced for image A data: 
[ 42.10298793 -79.7838349    2.60175886  15.31100977  -1.51816989
   0.33231584  -0.32382814   0.74201471]

Patches reduced for image A data: [ 43.96007477 -80.32834621   2.63158933  16.26936599  -0.73144406
   0.45324305   0.70845645   1.80781158]
Patches reduced for image A data: [ 45.81121973 -80.86812644   2.70790191  17.04790259   0.85047557
   0.58301222   1.21404943   2.28536838]
Patches reduced for image A data: [ 47.65043039 -81.40555966   2.81391987  17.69292391   3.05979214
   0.69345401   0.86100119   1.73998942]
Patches reduced for image A data: [ 49.47638672 -81.94481382   2.9455548   18.24241699   5.70176366
   0.80101003  -0.15981996   0.37453567]
Patches reduced for image A data: [ 49.26974933 -81.98457433   3.23198632  18.1278318    5.93136629
   1.04672347   0.25788264   0.0969698 ]
Patches reduced for image A data: [ 49.06079664 -82.02670199   3.52417868  18.03129929   6.11589206
   1.30137305   0.57465448  -0.20515468]
Patches reduced for image A data: [ 48.85061526 -82.06955952   3.81802449  17.95598697   6.22876731
   1.5635867    0.70630003  -0.52665708]
Patches reduced for image A data: [ 48.6393368  -82.11089118   4.10960395  17.90591384   6.24985869
   1.8393878    0.60177978  -0.86653949]
Patches reduced for image A data: [ 48.42798553 -82.15178385   4.39562129  17.87891782   6.18066201
   2.1200395    0.39012675  -1.1501484 ]
Patches reduced for image A data: [ 48.21724989 -82.19271333   4.66897057  17.87150914   6.02301483
   2.39630896   0.14957155  -1.35064528]
Patches reduced for image A data: [ 4.80081040e+01 -8.22336722e+01  4.92802275e+00  1.78830544e+01
  5.79060057e+00  2.66288167e+00 -4.53596707e-02 -1.43792819e+00]
Patches reduced for image A data: [ 47.80084594 -82.27431544   5.17521716  17.90513349   5.50890368
   2.90748555  -0.19438868  -1.41812868]
Patches reduced for image A data: [ 48.00748333 -82.23455494   4.88878564  18.01971867   5.27930105
   2.66177211  -0.61209128  -1.14056281]
Patches reduced for image A data: [ 48.21643602 -82.19242727   4.59659328  18.11625118   5.09477528
   2.40712253  -0.92886312  -0.83843833]
Patches reduced for image A data: [ 48.4266174  -82.14956974   4.30274747  18.19156351   4.98190003
   2.14490888  -1.06050867  -0.51693592]
Patches reduced for image A data: [ 48.63789586 -82.10823809   4.01116801  18.24163664   4.96080865
   1.86910779  -0.95598842  -0.17705351]
Patches reduced for image A data: [ 48.84924713 -82.06734542   3.72515067  18.26863265   5.03000533
   1.58845609  -0.74433539   0.1065554 ]
Patches reduced for image A data: [ 49.05998277 -82.02641593   3.45180139  18.27604133   5.18765251
   1.31218662  -0.50378019   0.30705227]
Patches reduced for image A data: [ 49.2691287  -81.98545711   3.19274921  18.26449611   5.42006677
   1.04561391  -0.30884897   0.39433518]
Patches reduced for image A data: [ 49.47638672 -81.94481382   2.9455548   18.24241699   5.70176366
   0.80101003  -0.15981996   0.37453567]
Patches reduced for image A data: [ 49.26974933 -81.98457433   3.23198632  18.1278318    5.93136629
   1.04672347   0.25788264   0.0969698 ]
Patches reduced for image A data: [ 49.06079664 -82.02670199   3.52417868  18.03129929   6.11589206
   1.30137305   0.57465448  -0.20515468]
Patches reduced for image A data: [ 48.85061526 -82.06955952   3.81802449  17.95598697   6.22876731
   1.5635867    0.70630003  -0.52665708]
Patches reduced for image A data: [ 48.6393368  -82.11089118   4.10960395  17.90591384   6.24985869
   1.8393878    0.60177978  -0.86653949]
Patches reduced for image A data: [ 48.42798553 -82.15178385   4.39562129  17.87891782   6.18066201
   2.1200395    0.39012675  -1.1501484 ]
Patches reduced for image A data: [ 48.21724989 -82.19271333   4.66897057  17.87150914   6.02301483
   2.39630896   0.14957155  -1.35064528]
Patches reduced for image A data: [ 4.80081040e+01 -8.22336722e+01  4.92802275e+00  1.78830544e+01
  5.79060057e+00  2.66288167e+00 -4.53596707e-02 -1.43792819e+00]
Patches reduced for image A data: [ 47.80084594 -82.27431544   5.17521716  17.90513349   5.50890368
   2.90748555  -0.19438868  -1.41812868]
Patches reduced for image A data: [ 47.80084594 -82.27431544   5.17521716  17.90513349   5.50890368
   2.90748555  -0.19438868  -1.41812868]
Patches reduced for image A data: [ 47.80084594 -82.27431544   5.17521716  17.90513349   5.50890368
   2.90748555  -0.19438868  -1.41812868]
Patches reduced for image A data: [ 47.80084594 -82.27431544   5.17521716  17.90513349   5.50890368
   2.90748555  -0.19438868  -1.41812868]
Patches reduced for image A data: [ 47.80084594 -82.27431544   5.17521716  17.90513349   5.50890368
   2.90748555  -0.19438868  -1.41812868]
Patches reduced for image A data: [ 47.80084594 -82.27431544   5.17521716  17.90513349   5.50890368
   2.90748555  -0.19438868  -1.41812868]
Patches reduced for image A data: [ 47.80084594 -82.27431544   5.17521716  17.90513349   5.50890368
   2.90748555  -0.19438868  -1.41812868]
Patches reduced for image A data: [ 47.80084594 -82.27431544   5.17521716  17.90513349   5.50890368
   2.90748555  -0.19438868  -1.41812868]
Patches reduced for image A data: [ 47.80084594 -82.27431544   5.17521716  17.90513349   5.50890368
   2.90748555  -0.19438868  -1.41812868]
Patches reduced for image A data: [ 46.32414627 -82.52825548   4.91575933  17.33156181   7.66304106
   2.73704771   0.63229153  -0.17742481]
Patches reduced for image A data: [ 44.8364522  -82.80367828   4.64982498  16.89667279   9.43393346
   2.56117911   0.72488504   0.50805522]
Patches reduced for image A data: [ 43.34002704 -83.09124615   4.39470853  16.64123167  10.57094141
   2.36787132   0.15599511   0.48263968]
Patches reduced for image A data: [ 41.8374106  -83.38247965   4.14074249  16.59045623  10.91492858
   2.11221841  -0.82853728  -0.22805435]
Patches reduced for image A data: [ 40.33560026 -83.68293621   3.86254462  16.72029287  10.48141913
   1.79229021  -1.63541087  -1.05412598]
Patches reduced for image A data: [ 38.84051283 -83.99030433   3.54924224  17.00402744   9.35128551
   1.46920346  -1.88389407  -1.40654226]
Patches reduced for image A data: [ 37.35651889 -84.30041077   3.22042497  17.39774821   7.67691578
   1.17001141  -1.31619269  -0.86877997]
Patches reduced for image A data: [ 35.88489583 -84.60836035   2.88124489  17.86542639   5.6280357
   0.89185693  -0.12889731   0.37142557]
Patches reduced for image A data: [ 35.67825844 -84.64812086   3.16767641  17.7508412    5.85763834
   1.13757036   0.28880528   0.0938597 ]
Patches reduced for image A data: [ 35.46930575 -84.69024852   3.45986877  17.65430869   6.0421641
   1.39221995   0.60557712  -0.20826478]
Patches reduced for image A data: [ 35.25912437 -84.73310605   3.75371458  17.57899637   6.15503935
   1.6544336    0.73722267  -0.52976719]
Patches reduced for image A data: [ 35.04784591 -84.77443771   4.04529404  17.52892324   6.17613073
   1.93023469   0.63270242  -0.86964959]
Patches reduced for image A data: [ 34.83649464 -84.81533038   4.33131138  17.50192722   6.10693405
   2.21088639   0.42104939  -1.15325851]
Patches reduced for image A data: [ 34.625759   -84.85625986   4.60466066  17.49451854   5.94928687
   2.48715585   0.18049419  -1.35375538]
Patches reduced for image A data: [ 3.44166131e+01 -8.48972187e+01  4.86371284e+00  1.75060638e+01
  5.71687261e+00  2.75372857e+00 -1.44370257e-02 -1.44103829e+00]
Patches reduced for image A data: [ 34.20935505 -84.93786197   5.11090725  17.52814289   5.43517572
   2.99833244  -0.16346604  -1.42123878]
Patches reduced for image A data: [ 32.91962375 -85.13046561   5.39046141  17.12822161   7.40660236
   1.65539818   1.52035445   0.26124275]
Patches reduced for image A data: [ 31.61968659 -85.34445102   5.67319409  16.86387485   9.01876531
   0.30119202   2.32702998   1.53651485]
Patches reduced for image A data: [ 30.31048368 -85.56897212   5.96022478  16.77203727  10.07698966
  -1.05661006   2.07163732   2.21731304]
Patches reduced for image A data: [ 28.78936535 -85.83538569   6.51716341  16.75055662  10.67576189
  -2.22843162   1.46958936   2.10539821]
Patches reduced for image A data: [ 27.0623702  -86.14835172   7.30663602  16.78303453  10.76833397
  -3.20481412   1.10086571   1.64354967]
Patches reduced for image A data: [ 25.33944951 -86.47225394   8.06095571  16.98905196  10.12023846
  -4.10197455   0.82099489   1.72483567]
Patches reduced for image A data: [ 23.21300924 -86.87949609   9.35770779  17.094273     9.27691243
  -4.40720346   1.65435445   2.11329221]
Patches reduced for image A data: [ 21.09217504 -87.28755808  10.63040654  17.35118341   7.80926468
  -4.58082821   2.52585785   3.07621506]
Patches reduced for image A data: [ 19.90541351 -86.62565528  12.0174173   15.99107679   7.83441369
  -3.33594579   2.75919855   1.62412291]
Patches reduced for image A data: [ 18.71452785 -85.95740297  13.3796851   14.73191327   7.44395359
  -2.06349766   2.42852616   0.32678888]
Patches reduced for image A data: [ 17.5241579  -85.28372543  14.7088535   13.57156312   6.65944129
  -0.80918619   1.79021393  -0.64011302]
Patches reduced for image A data: [ 16.54184911 -84.56446309  15.75518413  12.46378116   5.81889988
   0.18104559   1.04814264  -1.3439262 ]
Patches reduced for image A data: [ 15.76828075 -83.80141285  16.52165591  11.39867875   5.00085499
   0.91319201   0.4328692   -1.75821725]
Patches reduced for image A data: [ 14.99770719 -83.0355511   17.25303452  10.38056582   3.98567519
   1.59571734  -0.1222986   -1.84375876]
Patches reduced for image A data: [ 14.64249047 -82.18801143  17.47583383   9.34182374   3.45072835
   1.7844676   -0.33695174  -1.83614208]
Patches reduced for image A data: [ 14.28815719 -81.34080769  17.68337897   8.32465247   2.85763691
   1.95506606  -0.50342597  -1.71089388]
Patches reduced for image A data: [ 14.51446361 -81.32262308  16.57150394   8.38017245   2.58114238
   2.63613561  -2.19597144  -1.5975398 ]
Patches reduced for image A data: [ 14.74461208 -81.29980515  15.43845221   8.40269521   2.3708203
   3.30517401  -3.54359715  -1.58308291]
Patches reduced for image A data: [ 14.97775259 -81.27713684  14.30861344   8.38971632   2.22385339
   3.945241    -4.12038551  -1.64629183]
Patches reduced for image A data: [ 15.212174   -81.25905397  13.20098136   8.3459826    2.15648821
   4.5555209   -3.87612684  -1.84287209]
Patches reduced for image A data: [ 15.44447127 -81.24664735  12.13990008   8.28621566   2.18292844
   5.15103481  -3.15649629  -2.2195677 ]
Patches reduced for image A data: [ 15.67464174 -81.23323947  11.11161762   8.20690533   2.31358571
   5.68943279  -2.19558088  -2.87590312]
Patches reduced for image A data: [ 15.90064531 -81.21789632  10.12623221   8.11775879   2.54054243
   6.19176585  -1.20884612  -3.76854811]
Patches reduced for image A data: [ 16.12383738 -81.20297697   9.18194609   8.01423415   2.8436501
   6.66378032  -0.27762572  -4.75860471]
Patches reduced for image A data: [ 16.11114534 -81.18707213   9.66154816   8.04745341   2.88450697
   6.10426734   0.41254254  -4.61810116]
Patches reduced for image A data: [ 16.09748929 -81.17282826  10.14897039   8.09048276   2.91262053
   5.55635877   0.93232482  -4.41768825]
Patches reduced for image A data: [ 16.08283193 -81.15838044  10.63224501   8.14271924   2.94351953
   5.0188354    1.13389301  -4.16771198]
Patches reduced for image A data: [ 16.06798578 -81.1424095   11.10298071   8.19828797   2.97476145
   4.49640051   1.01472964  -3.83809135]
Patches reduced for image A data: [ 16.05438161 -81.12426033  11.54925484   8.25327032   2.9955419
   3.98653975   0.68506056  -3.43901787]
Patches reduced for image A data: [ 16.04174277 -81.10697184  11.98704859   8.30971765   2.99988779
   3.52003719   0.26360056  -2.90401279]
Patches reduced for image A data: [ 16.03028359 -81.09073556  12.40943121   8.36167345   2.98921689
   3.08002374  -0.18543605  -2.28762328]
Patches reduced for image A data: [ 16.01877957 -81.07529833  12.81942671   8.4162269    2.96179822
   2.67588342  -0.61031104  -1.66894294]
Patches reduced for image A data: [ 18.33619443 -80.67662986  12.61354615   9.36022629  -0.29690242
   2.47772629  -2.49130557  -3.06383735]
Patches reduced for image A data: [ 20.88110935 -80.20615443  12.5649858   10.17933007  -3.30319656
   2.35844243  -3.12516971  -3.80200279]
Patches reduced for image A data: [ 23.44133539 -79.71636701  12.50672175  10.70465202  -5.29211486
   2.25245362  -2.42268201  -3.47060978]
Patches reduced for image A data: [ 26.22476313 -79.18606356  12.48661833  10.96437806  -6.302261
   2.44848311  -0.85386467  -2.19667209]
Patches reduced for image A data: [ 29.85365095 -78.49357019  12.83053939  11.20249884  -7.16244055
   2.66124717   0.47509974  -1.62062089]
Patches reduced for image A data: [ 33.6939196  -77.74147736  13.43124965  11.13719291  -6.87401352
   3.15256158   1.54247265  -1.75072964]
Patches reduced for image A data: [ 37.52235288 -76.97391287  14.08293675  10.71959598  -5.0863018
   3.67677295   1.83976778  -2.65942602]
Patches reduced for image A data: [ 41.54712973 -76.16707111  14.80328319  10.07103384  -2.29684546
   4.51227257   1.10301549  -4.34978707]
Patches reduced for image A data: [ 44.25157242 -73.57368432  15.21702606  11.11668069  -3.28838417
   4.99408625   0.07816197  -4.45125685]
Patches reduced for image A data: [ 46.75148581 -70.99953159  15.47666522  11.98323261  -3.6325971
   5.33020406  -0.52993565  -4.41396929]
Patches reduced for image A data: [ 49.24818108 -68.41421997  15.73348006  12.60945689  -2.92277813
   5.660162    -1.02392548  -4.40552564]
Patches reduced for image A data: [ 51.5305104  -65.87768052  15.92963324  13.07978224  -1.50803113
   5.73279703  -1.15500469  -4.26213661]
Patches reduced for image A data: [ 52.96987499 -63.51722472  15.82406317  13.64828097  -0.51157966
   5.842075    -0.57342969  -3.39035124]
Patches reduced for image A data: [ 5.41871493e+01 -6.12021376e+01  1.55777090e+01  1.41889596e+01
  7.75580945e-01  5.67352402e+00 -4.33654060e-02 -2.81304369e+00]
Patches reduced for image A data: [ 55.3919504  -58.89148184  15.36381968  14.63048752   2.52576652
   5.49966082  -0.18822907  -3.04948985]